0.0,0.0,0.0,0,9891
0.0,0.0,0.0,0,9912
0.0,0.0,0.0,0,9933
0.0,0.0,0.0,0,9951
0.0,0.0,0.0,0,9969
0.0,0.0,0.0,0,9990
0.0,0.0,0.0,0,10011
0.0,0.0,0.0,0,10029
0.0,0.0,0.0,0,10050
0.0,0.0,0.0,0,10068
0.0,0.0,0.0,0,10086
0.0,0.0,0.0,0,10107
0.0,0.0,0.0,0,10125
0.0,0.0,0.0,0,10146
0.0,0.0,0.0,0,10164
0.0,0.0,0.0,0,10185
0.0,0.0,0.0,0,10206
0.0,0.0,0.0,0,10224
0.0,0.0,0.0,0,10245
0.0,0.0,0.0,0,10263
0.0,0.0,0.0,0,10284
0.0,0.0,0.0,0,10302
0.0,0.0,0.0,0,10323
0.0,0.0,0.0,0,10341
0.0,0.0,0.0,0,10362
0.0,0.0,0.0,0,10383
0.0,0.0,0.0,0,10401
0.0,0.0,0.0,0,10422
0.0,0.0,0.0,0,10440
0.0,0.0,0.0,0,10461
0.0,0.0,0.0,0,10479
0.0,0.0,0.0,0,10500
0.0,0.0,0.0,0,10518
0.0,0.0,0.0,0,10539
0.0,0.0,0.0,0,10557
0.0,0.0,0.0,0,10578
0.0,0.0,0.0,0,10596
0.0,0.0,0.0,0,10617
0.0,0.0,0.0,0,10635
0.0,0.0,0.0,0,10656
0.0,0.0,0.0,0,10674
0.0,0.0,0.0,0,10695
0.0,0.0,0.0,0,10713
0.0,0.0,0.0,0,10734
0.0,0.0,0.0,0,10752
0.0,0.0,0.0,0,10773
0.0,0.0,0.0,0,10791
0.0,0.0,0.0,0,10809
0.0,0.0,0.0,0,10830
0.0,0.0,0.0,0,10851
0.0,0.0,0.0,0,10869
0.0,0.0,0.0,0,10887
0.0,0.0,0.0,0,10908
0.0,0.0,0.0,0,10926
0.0,0.0,0.0,0,10947
0.0,0.0,0.0,0,10965
0.07200000435113907,0.0,0.0,0,10998
0.1080000102519989,0.0,0.0,0,11007
0.17999999225139618,0.0,0.0,0,11025
0.25199997425079346,0.0,0.0,0,11043
0.3359999358654022,0.0,0.0,0,11064
0.4079999029636383,0.0,0.0,0,11082
0.49199986457824707,0.0,0.0,0,11103
0.5640000104904175,0.0,0.0,0,11121
0.648000180721283,0.0,0.0,0,11142
0.7200003266334534,0.0,0.0,0,11160
0.8040004968643188,0.0,0.0,0,11181
0.8760006427764893,0.0,0.0,0,11199
0.9600008130073547,0.0,0.0,0,11220
1.0,0.0,0.0,0,11238
1.0,0.0,0.0,0,11259
1.0,0.0,0.0,0,11280
1.0,0.0,0.0,0,11298
1.0,0.0,0.0,0,11319
1.0,0.0,0.0,0,11337
1.0,0.0,0.0,0,11358
1.0,0.0,0.0,0,11379
1.0,0.0,0.0,0,11397
1.0,0.0,0.0,0,11418
1.0,0.0,0.0,0,11439
1.0,0.0,0.0,0,11457
1.0,0.0,0.0,0,11475
1.0,0.0,0.0,0,11496
1.0,0.0,0.0,0,11517
1.0,0.0,0.0,0,11535
0.0,0.0,0.0,0,11556
0.0,0.0,0.0,0,11574
0.0,0.0,0.0,0,11595
0.0,0.0,0.0,0,11613
0.0,0.0,0.0,0,11634
0.0,0.0,0.0,0,11655
0.0,0.0,0.0,0,11673
0.0,0.0,0.0,0,11694
0.0,0.0,0.0,0,11712
0.0,0.0,0.0,0,11733
0.0,0.0,0.0,0,11751
0.0,0.0,0.0,0,11769
0.0,0.0,0.0,0,11790
0.0,0.0,0.0,0,11811
0.0,0.0,0.0,0,11829
0.0,0.0,0.0,0,11850
0.6499999761581421,0.0,0.0,0,11868
0.6499999761581421,0.0,0.0,0,11889
0.6499999761581421,0.0,0.0,0,11907
0.6499999761581421,0.0,0.0,0,11928
0.6499999761581421,0.0,0.0,0,11946
0.6499999761581421,0.0,0.0,0,11964
0.6499999761581421,0.0,0.0,0,11985
0.6499999761581421,0.0,0.0,0,12003
0.6499999761581421,0.0,0.0,0,12024
0.6499999761581421,0.0,0.0,0,12042
0.6499999761581421,0.0,0.0,0,12063
0.6499999761581421,0.0,0.0,0,12081
0.6499999761581421,0.0,0.0,0,12099
0.6499999761581421,0.0,0.0,0,12120
0.6499999761581421,0.0,0.0,0,12141
0.6499999761581421,0.0,0.0,0,12159
0.6499999761581421,0.0,0.0,0,12180
0.6499999761581421,0.0,0.0,0,12198
0.6499999761581421,0.0,0.0,0,12219
0.6499999761581421,0.0,0.0,0,12237
0.6499999761581421,0.0,0.0,0,12258
0.6499999761581421,0.0,0.0,0,12276
0.6499999761581421,0.0,10.387451171875,0,12297
0.6499999761581421,0.0,22.740966796875,0,12315
0.6499999761581421,0.0,34.97596740722656,0,12333
0.6499999761581421,0.0,49.10435104370117,0,12354
0.6499999761581421,0.0,22.363283157348633,0,12375
0.6499999761581421,0.0,0.0,0,12393
0.6499999761581421,0.0,0.0,0,12411
0.6499999761581421,0.0,0.0,0,12432
0.6499999761581421,0.0,0.0,0,12453
0.6499999761581421,0.0,0.0,0,12471
0.6499999761581421,0.0,0.0,0,12492
0.6499999761581421,0.0,0.0,0,12510
0.6499999761581421,0.0,0.0,0,12531
0.6499999761581421,0.0,0.0,0,12549
0.6499999761581421,0.0,0.0,0,12567
0.6499999761581421,0.0,0.0,0,12588
0.6499999761581421,0.0,0.0,0,12609
0.6499999761581421,0.0,0.0,0,12627
0.6499999761581421,0.0,0.0,0,12648
0.6499999761581421,0.0,0.0,0,12666
0.6499999761581421,0.0,0.0,0,12687
0.6499999761581421,0.0,0.0,0,12708
0.6499999761581421,0.0,0.0,0,12726
0.6499999761581421,0.0,11.884430885314941,0,12747
0.6499999761581421,0.0,21.99658966064453,0,12765
0.6499999761581421,0.0,33.70912170410156,0,12786
0.6499999761581421,0.0,43.675838470458984,0,12804
0.6499999761581421,0.0,23.027137756347656,0,12825
0.6499999761581421,0.0,0.0,0,12843
0.6499999761581421,0.0,0.0,0,12864
0.6740000247955322,0.0,0.0,0,12882
0.7580001950263977,0.0,0.0,0,12903
0.8300003409385681,0.0,0.0,0,12921
0.9140005111694336,0.0,0.0,0,12942
0.986000657081604,0.0,0.0,0,12960
1.0,0.0,0.0,0,12981
1.0,0.0,0.0,0,12999
1.0,0.0,0.0,0,13017
1.0,0.0,0.0,0,13038
1.0,0.0,1.526443600654602,0,13059
1.0,0.0,10.653040885925293,0,13077
1.0,0.0,21.231969833374023,0,13098
1.0,0.0,30.241640090942383,0,13116
1.0,0.0,40.68566131591797,0,13137
1.0,0.0,49.5806770324707,0,13155
1.0,0.0,53.63309097290039,0,13176
1.0,0.0,24.886184692382812,0,13194
1.0,0.0,0.0,0,13215
1.0,0.0,0.0,0,13236
1.0,0.0,0.0,0,13257
1.0,0.0,0.0,0,13275
1.0,0.0,0.0,0,13296
1.0,0.0,0.0,0,13317
1.0,0.0,0.0,0,13335
1.0,0.0,0.0,0,13356
1.0,0.0,0.0,0,13374
1.0,0.0,0.0,0,13395
1.0,0.0,0.0,0,13413
1.0,0.0,0.0,0,13434
1.0,0.0,0.0,0,13452
1.0,0.0,0.0,0,13473
1.0,0.0,0.0,0,13491
1.0,0.0,0.0,0,13512
1.0,0.0,2.6465635299682617,0,13533
1.0,0.0,10.55906867980957,0,13551
1.0,0.0,18.43129539489746,0,13569
0.0,0.0,27.564590454101562,0,13590
0.0,0.0,35.3765869140625,0,13608
0.0,0.0,32.30747604370117,0,13629
0.0,0.0,3.560577392578125,0,13647
0.0,0.0,0.0,0,13668
0.0,0.0,0.0,0,13686
0.0,0.0,0.0,0,13704
0.0,0.0,0.0,0,13725
0.0,0.0,0.0,0,13743
0.0,0.0,0.0,0,13764
0.0,0.0,0.0,0,13782
0.0,0.0,0.0,0,13803
0.0,0.0,0.0,0,13821
0.0,0.0,0.0,0,13842
0.0,0.0,0.0,0,13860
0.0,0.0,0.0,0,13881
1.0,0.0,0.0,0,13899
1.0,0.0,0.0,0,13917
1.0,0.0,0.0,0,13938
1.0,0.0,0.0,0,13956
1.0,0.0,0.0,0,13977
1.0,0.0,0.0,0,13995
1.0,0.0,0.0,0,14016
1.0,0.0,0.0,0,14034
1.0,0.0,0.0,0,14055
1.0,0.0,0.0,0,14073
1.0,0.0,0.0,0,14094
1.0,0.0,0.0,0,14112
1.0,0.0,0.0,0,14133
1.0,0.0,0.0,0,14151
1.0,0.0,-6.047169208526611,0,14172
1.0,0.0,-13.277521133422852,0,14190
1.0,0.0,-21.6767635345459,0,14211
1.0,0.0,-28.846139907836914,0,14229
1.0,0.0,-31.19607162475586,0,14250
1.0,0.0,-2.449172258377075,0,14268
1.0,0.0,0.0,0,14286
1.0,0.0,0.0,0,14307
1.0,0.0,0.0,0,14325
1.0,0.0,0.0,0,14346
1.0,0.0,0.0,0,14367
1.0,0.0,0.0,0,14385
1.0,0.0,0.0,0,14406
1.0,0.0,0.0,0,14424
1.0,0.0,0.0,0,14445
1.0,0.0,0.0,0,14463
1.0,0.0,0.0,0,14484
1.0,0.0,0.0,0,14502
1.0,0.0,0.0,0,14523
1.0,0.0,0.0,0,14541
1.0,0.0,0.0,0,14562
1.0,0.0,0.0,0,14580
1.0,0.0,0.0,0,14601
1.0,0.0,0.0,0,14619
1.0,0.0,0.0,0,14637
1.0,0.0,0.0,0,14658
1.0,0.0,0.0,0,14676
1.0,0.0,0.0,0,14697
1.0,0.0,0.0,0,14718
1.0,0.0,0.0,0,14736
1.0,0.0,0.0,0,14757
1.0,0.0,0.0,0,14775
1.0,0.0,0.0,0,14796
1.0,0.0,0.0,0,14814
1.0,0.0,0.0,0,14838
1.0,0.0,0.0,0,14856
1.0,0.0,0.0,0,14877
1.0,0.0,0.0,0,14895
1.0,0.0,0.0,0,14916
1.0,0.0,0.0,0,14934
1.0,0.0,0.0,0,14955
1.0,0.0,0.0,0,14973
1.0,0.0,0.0,0,14994
1.0,0.0,0.0,0,15012
1.0,0.0,0.0,0,15033
1.0,0.0,0.0,0,15051
1.0,0.0,0.0,0,15072
1.0,0.0,0.0,0,15090
1.0,0.0,0.0,0,15111
1.0,0.0,0.0,0,15129
1.0,0.0,0.0,0,15150
1.0,0.0,0.0,0,15168
1.0,0.0,0.0,0,15189
1.0,0.0,0.0,0,15207
1.0,0.0,0.0,0,15228
1.0,0.0,0.0,0,15246
1.0,0.0,0.0,0,15264
1.0,0.0,0.0,0,15285
1.0,0.0,0.0,0,15303
1.0,0.0,0.0,0,15324
1.0,0.0,0.0,0,15342
1.0,0.0,0.0,0,15360
1.0,0.0,0.0,0,15381
1.0,0.0,0.0,0,15399
1.0,0.0,0.0,0,15417
1.0,0.0,0.0,0,15435
1.0,0.0,0.0,0,15456
1.0,0.0,0.0,0,15474
1.0,0.0,0.0,0,15492
1.0,0.0,0.0,0,15510
1.0,0.0,0.0,0,15531
0.0,0.0,0.0,0,15549
0.0,0.0,0.0,0,15567
0.0,0.0,0.0,0,15588
0.0,0.0,0.0,0,15606
0.0,0.0,0.0,0,15624
0.0,0.0,0.0,0,15642
0.0,0.0,0.0,0,15660
0.0,0.0,3.91058087348938,0,15681
0.0,0.0,9.770569801330566,0,15699
0.0,0.0,15.624347686767578,0,15717
0.0,0.0,21.488697052001953,0,15735
0.0,0.0,11.046236991882324,0,15756
0.0,0.0,0.0,0,15774
0.0,0.0,0.0,0,15792
0.0,0.0,0.0,0,15810
0.0,0.0,0.0,0,15831
1.0,0.0,0.0,0,15849
1.0,0.0,0.0,0,15867
1.0,0.0,0.0,0,15888
1.0,0.0,0.0,0,15906
1.0,0.0,0.0,0,15924
1.0,0.0,0.0,0,15942
1.0,0.0,0.0,0,15963
1.0,0.0,0.0,0,15981
1.0,0.0,0.0,0,16002
1.0,0.0,0.0,0,16020
1.0,0.0,0.0,0,16041
1.0,0.0,0.0,0,16059
1.0,0.0,0.0,0,16077
1.0,0.0,0.0,0,16098
1.0,0.0,0.0,0,16116
1.0,0.0,0.0,0,16137
1.0,0.0,0.0,0,16155
1.0,0.0,0.0,0,16173
1.0,0.0,0.0,0,16194
1.0,0.0,0.0,0,16212
1.0,0.0,0.0,0,16230
1.0,0.0,-5.471950054168701,0,16251
1.0,0.0,-12.035442352294922,0,16269
1.0,0.0,-18.583961486816406,0,16287
1.0,0.0,-26.167739868164062,0,16308
1.0,0.0,-33.6319580078125,0,16329
1.0,0.0,-34.05685043334961,0,16347
1.0,0.0,-5.30994987487793,0,16365
1.0,0.0,0.0,0,16386
1.0,0.0,0.0,0,16404
1.0,0.0,0.0,0,16425
1.0,0.0,0.0,0,16443
1.0,0.0,0.0,0,16461
1.0,0.0,0.0,0,16482
1.0,0.0,0.0,0,16500
1.0,0.0,0.0,0,16518
1.0,0.0,0.0,0,16539
1.0,0.0,0.0,0,16557
1.0,0.0,0.0,0,16578
1.0,0.0,-1.5851160287857056,0,16596
1.0,0.0,-7.121185302734375,0,16617
1.0,0.0,-11.851812362670898,0,16635
1.0,0.0,-17.35376739501953,0,16656
1.0,0.0,-22.0550537109375,0,16674
1.0,0.0,-27.524011611938477,0,16695
1.0,0.0,-4.348152160644531,0,16713
1.0,0.0,0.0,0,16731
1.0,0.0,0.0,0,16752
1.0,0.0,0.0,0,16770
1.0,0.0,0.0,0,16791
1.0,0.0,0.0,0,16809
1.0,0.0,0.0,0,16827
1.0,0.0,0.0,0,16848
1.0,0.0,0.0,0,16866
1.0,0.0,0.0,0,16887
1.0,0.0,0.0,0,16905
1.0,0.0,0.0,0,16923
1.0,0.0,0.0,0,16941
1.0,0.0,0.0,0,16962
1.0,0.0,-2.236664056777954,0,16980
1.0,0.0,-7.443358421325684,0,17001
1.0,0.0,-11.892389297485352,0,17019
1.0,0.0,-16.328527450561523,0,17037
1.0,0.0,-21.489154815673828,0,17058
1.0,0.0,-25.98890495300293,0,17076
1.0,0.0,-31.481483459472656,0,17097
1.0,0.0,-13.944825172424316,0,17115
1.0,0.0,0.0,0,17133
1.0,0.0,0.0,0,17154
1.0,0.0,0.0,0,17172
1.0,0.0,0.0,0,17190
1.0,0.0,0.0,0,17211
1.0,0.0,0.0,0,17229
1.0,0.0,0.0,0,17250
1.0,0.0,0.0,0,17268
1.0,0.0,0.0,0,17286
1.0,0.0,0.0,0,17307
1.0,0.0,0.0,0,17325
1.0,0.0,0.0,0,17343
1.0,0.0,0.0,0,17364
1.0,0.0,0.0,0,17382
1.0,0.0,0.0,0,17400
1.0,0.0,0.0,0,17421
1.0,0.0,0.0,0,17442
1.0,0.0,0.0,0,17460
1.0,0.0,-1.02847421169281,0,17481
1.0,0.0,-7.188113212585449,0,17499
1.0,0.0,-13.329619407653809,0,17517
1.0,0.0,-20.474462509155273,0,17538
1.0,0.0,-26.580646514892578,0,17556
1.0,0.0,-26.864030838012695,0,17574
1.0,0.0,0.0,0,17595
1.0,0.0,0.0,0,17613
1.0,0.0,0.0,0,17634
1.0,0.0,0.0,0,17652
1.0,0.0,0.0,0,17670
1.0,0.0,0.0,0,17691
1.0,0.0,0.0,0,17709
1.0,0.0,0.0,0,17730
1.0,0.0,0.0,0,17748
1.0,0.0,0.0,0,17766
1.0,0.0,0.0,0,17787
1.0,0.0,0.0,0,17805
1.0,0.0,0.0,0,17826
1.0,0.0,0.0,0,17844
1.0,0.0,0.0,0,17862
1.0,0.0,0.0,0,17883
1.0,0.0,0.0,0,17901
1.0,0.0,0.0,0,17922
1.0,0.0,0.0,0,17940
1.0,0.0,0.0,0,17961
1.0,0.0,0.0,0,17979
1.0,0.0,3.7943577766418457,0,17997
1.0,0.0,10.416921615600586,0,18018
1.0,0.0,16.075397491455078,0,18036
1.0,0.0,22.657691955566406,0,18057
1.0,0.0,16.827919006347656,0,18075
1.0,0.0,0.0,0,18096
1.0,0.0,0.0,0,18114
1.0,0.0,0.0,0,18132
1.0,0.0,0.0,0,18153
1.0,0.0,0.0,0,18171
1.0,0.0,0.0,0,18192
1.0,0.0,0.0,0,18210
1.0,0.0,0.0,0,18231
1.0,0.0,0.0,0,18249
1.0,0.0,0.0,0,18270
1.0,0.0,0.0,0,18288
1.0,0.0,0.0,0,18306
1.0,0.0,0.0,0,18327
1.0,0.0,0.0,0,18345
1.0,0.0,0.0,0,18366
1.0,0.0,0.0,0,18384
1.0,0.0,0.0,0,18405
1.0,0.0,0.0,0,18423
1.0,0.0,0.8860576748847961,0,18444
1.0,0.0,6.193979263305664,0,18462
1.0,0.0,12.367398262023926,0,18483
1.0,0.0,17.641857147216797,0,18501
1.0,0.0,22.9017276763916,0,18519
1.0,0.0,29.022136688232422,0,18540
1.0,0.0,12.475040435791016,0,18561
1.0,0.0,0.0,0,18579
1.0,0.0,0.0,0,18600
1.0,0.0,0.0,0,18618
1.0,0.0,0.0,0,18639
1.0,0.0,0.0,0,18657
1.0,0.0,0.0,0,18678
1.0,0.0,0.0,0,18696
1.0,0.0,0.0,0,18717
1.0,0.0,0.0,0,18735
1.0,0.0,0.0,0,18756
1.0,0.0,0.0,0,18774
1.0,0.0,0.0,0,18795
1.0,0.0,0.0,0,18813
1.0,0.0,0.0,0,18834
1.0,0.0,0.0,0,18852
1.0,0.0,0.0,0,18873
1.0,0.0,0.0,0,18891
0.0,0.0,0.0,0,18912
0.0,0.0,0.0,0,18933
0.0,0.0,0.0,0,18951
0.0,0.0,0.0,0,18972
0.0,0.0,0.0,0,18990
0.0,0.6886152625083923,0.0,0,19011
0.0,0.8088911175727844,0.0,0,19029
0.0,0.9620615839958191,0.0,0,19050
0.0,0.9985085725784302,0.0,0,19068
0.0,0.9302072525024414,0.0,0,19089
0.0,0.9313515424728394,0.0,0,19107
0.0,0.9810031652450562,0.0,0,19128
0.0,1.0,0.0,0,19146
0.0,0.9981163144111633,0.0,0,19167
0.0,1.0,0.0,0,19185
0.0,0.6233653426170349,0.0,0,19206
0.0,0.4375385344028473,0.0,0,19227
0.0,0.7285416722297668,0.0,0,19245
0.0,0.997962474822998,0.0,0,19266
0.0,1.0,0.0,0,19284
0.0,1.0,0.0,0,19305
0.0,1.0,0.0,0,19323
0.0,1.0,0.0,0,19344
0.0,1.0,0.0,0,19365
0.0,1.0,0.0,0,19383
0.0,0.9808443784713745,0.0,0,19404
0.0,0.9393007159233093,0.0,0,19422
0.0,1.0,0.0,0,19443
0.0,1.0,0.0,0,19461
0.0,1.0,0.0,0,19482
0.0,1.0,0.0,0,19503
0.0,1.0,0.0,0,19521
0.0,0.9971278309822083,0.0,0,19542
0.0,0.9758596420288086,0.0,0,19560
0.0,0.9449747800827026,0.0,0,19581
0.0,0.9671834707260132,0.0,0,19602
0.0,1.0,0.0,0,19620
0.0,1.0,0.0,0,19641
0.0,1.0,0.0,0,19659
0.0,0.9906514286994934,0.0,0,19680
0.0,0.9690825343132019,0.0,0,19701
0.0,0.9735642671585083,7.432071685791016,0,19722
0.0,1.0,14.909329414367676,0,19740
0.0,1.0,22.398069381713867,0,19758
0.0,1.0,31.033126831054688,0,19779
0.0,0.9697495698928833,39.39015579223633,0,19800
0.0,1.0,47.276206970214844,0,19821
0.0,1.0,24.395767211914062,0,19839
0.0,1.0,0.0,0,19863
0.0,1.0,0.0,0,19884
0.0,1.0,0.0,0,19902
0.0,1.0,0.0,0,19923
0.0,1.0,0.0,0,19941
0.0,0.9401544332504272,0.0,0,19962
0.0,0.7597543597221375,0.0,0,19983
0.0,0.8449922800064087,0.0,0,20004
0.0,0.9370438456535339,0.0,0,20022
0.0,0.965844452381134,0.0,0,20043
0.0,0.9765368700027466,0.0,0,20064
0.0,0.8198473453521729,0.0,0,20082
0.0,0.943453311920166,0.0,0,20103
0.0,0.9382737874984741,0.0,0,20121
0.0,0.6155388951301575,0.0,0,20142
0.0,0.6819192171096802,0.0,0,20163
0.0,0.8879573941230774,0.0,0,20181
0.0,0.8640567064285278,0.0,0,20202
0.0,0.8903218507766724,0.0,0,20220
0.0,1.0,0.0,0,20241
0.0,1.0,1.0813490152359009,0,20262
0.0,1.0,7.5767741203308105,0,20280
0.0,0.9786152839660645,15.171722412109375,0,20301
0.0,1.0,16.948461532592773,0,20322
0.0,1.0,0.0,0,20340
0.0,1.0,0.0,0,20361
0.0,1.0,0.0,0,20379
0.0,1.0,0.0,0,20400
0.0,1.0,0.0,0,20421
0.0,1.0,0.0,0,20439
0.0,0.0,0.0,0,20460
0.0,0.0,0.0,0,20481
0.0,0.0,0.0,0,20502
0.0,0.0,0.0,0,20523
0.0,0.0,0.0,0,20544
0.0,0.0,0.0,0,20562
0.0,0.0,0.0,0,20583
0.0,0.0,0.0,0,20604
0.0,0.0,0.0,0,20625
0.0,0.0,2.5680534839630127,0,20643
0.0,0.0,11.552602767944336,0,20664
0.0,0.0,20.569700241088867,0,20685
0.0,0.0,28.42368507385254,0,20703
0.0,0.0,37.931339263916016,0,20724
0.0,0.0,48.10036849975586,0,20745
0.0,0.0,58.71527099609375,0,20766
0.0,0.0,69.33342742919922,0,20787
0.0,0.0,78.43751525878906,0,20805
0.0,0.0,63.82598114013672,0,20826
0.0,0.0,30.287921905517578,0,20847
0.0,0.0,1.541021704673767,0,20865
0.0,0.0,9.115674018859863,0,20886
0.0,0.0,19.75336456298828,0,20907
0.0,0.0,30.394357681274414,0,20928
0.0,0.0,39.51795196533203,0,20946
0.0,0.0,50.1654052734375,0,20967
0.0,0.0,60.81647872924805,0,20988
0.0,0.0,71.4714126586914,0,21009
0.0,0.0,80.60758972167969,0,21027
0.0,0.0,91.2705078125,0,21048
0.0,0.0,101.93782806396484,0,21069
0.0,0.0,112.60972595214844,0,21090
0.0,0.0,121.76097106933594,0,21108
0.0,0.0,100.85652160644531,0,21129
0.0,0.0,67.3184585571289,0,21150
0.0,0.0,38.5715446472168,0,21168
0.0,0.0,5.033493518829346,0,21189
0.0,0.0,0.0,0,21207
0.0,0.0,0.0,0,21228
0.0,0.0,0.0,0,21249
0.0,0.0,0.0,0,21267
0.0,0.0,1.5305871963500977,0,21288
0.0,0.0,12.24666976928711,0,21309
0.0,0.0,21.434581756591797,0,21327
0.0,0.0,32.15692138671875,0,21348
0.0,0.0,41.350284576416016,0,21366
0.0,0.0,52.07911682128906,0,21387
0.0,0.0,62.81139373779297,0,21408
0.0,0.0,73.54725646972656,0,21429
0.0,0.0,84.2870864868164,0,21450
0.0,0.0,93.4959487915039,0,21468
0.0,0.0,59.9578857421875,0,21489
0.0,0.0,31.21097755432129,0,21507
0.0,0.0,0.0,0,21528
0.0,0.0,3.074052572250366,0,21549
0.0,0.0,12.29773235321045,0,21567
0.0,0.0,23.061603546142578,0,21588
0.0,0.0,33.828853607177734,0,21609
0.0,0.0,43.06059646606445,0,21627
0.0,0.0,53.83427047729492,0,21648
0.0,0.0,64.61167907714844,0,21669
0.0,0.0,75.39286804199219,0,21690
0.0,0.0,84.63703155517578,0,21708
0.0,0.0,95.42571258544922,0,21729
0.0,0.0,104.6766357421875,0,21747
0.0,0.0,115.4736557006836,0,21768
0.06000000238418579,0.0,113.60646057128906,0,21789
0.14400000870227814,0.0,80.06839752197266,0,21810
0.2279999703168869,0.0,46.53033447265625,0,21831
0.2999999523162842,0.0,17.783428192138672,0,21849
0.38399991393089294,0.0,0.0,0,21870
0.4679998755455017,0.0,0.0,0,21891
0.5399999618530273,0.0,0.0,0,21909
0.6240001320838928,0.0,0.0,0,21930
0.7080003023147583,0.0,0.0,0,21951
0.7800004482269287,0.0,0.0,0,21969
0.8640006184577942,0.0,0.0,0,21990
0.9480007886886597,0.0,6.156855583190918,0,22011
1.0,0.0,15.386456489562988,0,22029
1.0,0.0,26.14513397216797,0,22050
1.0,0.0,36.89310836791992,0,22071
1.0,0.0,47.63014221191406,0,22092
1.0,0.0,56.824581146240234,0,22110
1.0,0.0,67.54084777832031,0,22131
1.0,0.0,76.71720123291016,0,22149
1.0,0.0,87.41242980957031,0,22170
1.0,0.0,98.09626770019531,0,22191
1.0,0.0,107.24492645263672,0,22209
1.0,0.0,117.90784454345703,0,22230
1.0,0.0,128.5596466064453,0,22251
1.0,0.0,137.68089294433594,0,22269
1.0,0.0,148.3119659423828,0,22290
1.0,0.0,157.4158172607422,0,22308
1.0,0.0,168.02716064453125,0,22329
1.0,0.0,178.62791442871094,0,22350
1.0,0.0,187.70611572265625,0,22368
0.0,0.0,198.28787231445312,0,22389
0.0,0.0,207.35140991210938,0,22407
0.0,0.0,217.9278106689453,0,22428
0.0,0.0,226.99900817871094,0,22446
0.0,0.0,237.58885192871094,0,22467
0.0,0.0,241.8805694580078,0,22488
0.0,0.0,213.13369750976562,0,22506
0.0,0.0,184.3868408203125,0,22524
0.0,0.0,150.8488311767578,0,22545
0.0,0.0,122.1019515991211,0,22563
0.0,0.0,94.87462615966797,0,22584
0.0,0.0,103.99507904052734,0,22602
0.0,0.0,114.64192962646484,0,22623
0.0,0.0,125.295654296875,0,22644
0.0,0.0,134.43325805664062,0,22662
0.0,0.0,143.5766143798828,0,22680
0.0,0.0,154.25123596191406,0,22701
0.0,0.0,164.93397521972656,0,22722
0.0,0.0,174.0973358154297,0,22740
0.0,0.0,184.79591369628906,0,22761
0.0,0.0,193.97312927246094,0,22779
0.0,0.0,203.15667724609375,0,22797
0.0,0.0,213.87911987304688,0,22818
0.0,0.0,223.0771484375,0,22836
0.0,0.0,195.86395263671875,0,22857
0.0,0.0,167.11708068847656,0,22875
0.0,0.0,138.37022399902344,0,22893
0.0,0.0,104.83216857910156,0,22914
0.0,0.0,76.08525848388672,0,22932
0.0,0.0,47.33835220336914,0,22950
0.0,0.0,13.80029582977295,0,22971
0.0,0.0,0.0,0,22989
0.0,0.0,0.0,0,23010
0.0,0.0,3.0870370864868164,0,23028
0.0,0.0,12.350699424743652,0,23046
0.0,0.0,23.163476943969727,0,23067
0.0,0.0,32.43619918823242,0,23085
0.0,0.0,43.259769439697266,0,23106
0.0,0.0,52.54173278808594,0,23124
0.0,0.0,61.82792663574219,0,23142
0.0,0.0,72.66704559326172,0,23163
0.0,0.0,81.96237182617188,0,23181
0.2800000011920929,0.0,91.26184844970703,0,23199
0.699999988079071,0.0,102.1150131225586,0,23220
0.699999988079071,0.0,111.42098236083984,0,23238
0.699999988079071,0.0,95.35907745361328,0,23256
0.699999988079071,0.0,61.82101058959961,0,23277
0.699999988079071,0.0,33.074100494384766,0,23295
0.699999988079071,0.0,4.327202320098877,0,23313
0.699999988079071,0.0,4.659921646118164,0,23334
0.699999988079071,0.0,13.980680465698242,0,23352
0.5949999690055847,0.0,23.302677154541016,0,23370
0.0,0.0,32.625831604003906,0,23388
0.0,0.0,43.504329681396484,0,23409
0.0,0.0,52.830867767333984,0,23427
0.0,0.0,62.16347885131836,0,23445
0.0,0.0,73.0648422241211,0,23466
0.0,0.0,82.41868591308594,0,23484
0.0,0.0,91.77688598632812,0,23502
0.0,0.0,101.138916015625,0,23520
0.0,0.0,112.06998443603516,0,23541
0.0,0.0,121.45079040527344,0,23559
0.0,0.0,130.8393096923828,0,23577
0.0,0.0,141.80055236816406,0,23598
0.0,0.0,119.411376953125,0,23616
0.0,0.0,90.66446685791016,0,23634
0.0,0.0,68.27812194824219,0,23652
0.0,0.0,77.69743347167969,0,23670
0.0,0.0,88.6930160522461,0,23691
0.0,0.0,98.12374877929688,0,23709
0.0,0.0,107.5604476928711,0,23727
0.0,0.0,118.57746124267578,0,23748
0.0,0.0,128.02728271484375,0,23766
0.0,0.0,137.4834747314453,0,23784
0.0,0.0,146.94610595703125,0,23802
0.0,0.0,156.4153289794922,0,23820
0.0,0.0,165.89108276367188,0,23838
0.0,0.0,176.95440673828125,0,23859
0.0,0.0,186.44432067871094,0,23877
0.0,0.0,195.9409942626953,0,23895
0.0,0.0,205.44483947753906,0,23913
0.0,0.0,178.28265380859375,0,23934
0.0,0.0,149.53578186035156,0,23952
0.0,0.0,120.78890228271484,0,23970
0.0,0.0,92.0419921875,0,23988
0.0,0.0,63.29508590698242,0,24006
0.0,0.0,74.43352508544922,0,24027
0.0,0.0,83.98668670654297,0,24045
0.0,0.0,93.5459213256836,0,24063
0.0,0.0,103.11151885986328,0,24081
0.0,0.0,114.2796630859375,0,24102
0.0,0.0,123.85990142822266,0,24120
0.0,0.0,133.4471435546875,0,24138
0.0,0.0,143.04136657714844,0,24156
0.0,0.0,152.6425323486328,0,24174
0.0,0.0,162.25064086914062,0,24192
0.0,0.0,141.4991912841797,0,24213
0.0,0.0,112.75231170654297,0,24231
0.0,0.0,84.00540161132812,0,24249
0.0,0.0,55.258487701416016,0,24267
0.0,0.0,21.72043228149414,0,24288
0.0,0.0,0.0,0,24306
0.06000000238418579,0.0,0.0,0,24324
0.13200001418590546,0.0,0.0,0,24342
0.20399998128414154,0.0,0.0,0,24360
0.2759999632835388,0.0,0.0,0,24378
0.3599999248981476,0.0,0.0,0,24399
0.43199989199638367,0.0,0.0,0,24417
0.5039998888969421,0.0,0.0,0,24435
0.5760000348091125,0.0,0.0,0,24453
0.648000180721283,0.0,0.0,0,24471
0.7320003509521484,0.0,6.427428245544434,0,24492
0.8040004968643188,0.0,16.061431884765625,0,24510
0.8760006427764893,0.0,25.68621063232422,0,24528
0.9480007886886597,0.0,35.3010139465332,0,24546
1.0,0.0,46.50449752807617,0,24567
1.0,0.0,56.09463119506836,0,24585
1.0,0.0,65.67243194580078,0,24603
1.0,0.0,75.23794555664062,0,24621
1.0,0.0,84.79086303710938,0,24639
0.0,0.0,94.33091735839844,0,24657
0.0,0.0,103.86234283447266,0,24675
0.0,0.0,113.39554595947266,0,24693
0.024000000208616257,0.0,124.52447509765625,0,24714
0.09600000828504562,0.0,134.06834411621094,0,24732
0.1679999977350235,0.0,143.61483764648438,0,24750
0.23999996483325958,0.0,153.16212463378906,0,24768
0.31199994683265686,0.0,162.7097625732422,0,24786
0.38399991393089294,0.0,172.25755310058594,0,24804
0.4679998755455017,0.0,183.3967742919922,0,24825
0.5399999618530273,0.0,192.9440155029297,0,24843
0.6120001077651978,0.0,202.48870849609375,0,24861
0.6960002779960632,0.0,213.6190185546875,0,24882
0.7680004239082336,0.0,223.1538543701172,0,24900
0.840000569820404,0.0,232.6832733154297,0,24918
0.9240007400512695,0.0,243.7933807373047,0,24939
0.9960008859634399,0.0,253.30882263183594,0,24957
1.0,0.0,262.81781005859375,0,24975
1.0,0.0,272.31915283203125,0,24993
0.9879999756813049,0.0,281.8131408691406,0,25011
1.0,0.0,291.301025390625,0,25029
0.9639999270439148,0.0,262.5540771484375,0,25047
1.0,0.0,233.8072052001953,0,25065
0.9759999513626099,0.0,205.06033325195312,0,25083
1.0,0.0,176.3134765625,0,25101
0.9519999027252197,0.0,147.5666046142578,0,25119
0.9759999513626099,0.0,118.8197250366211,0,25137
0.9039998054504395,0.0,90.07281494140625,0,25155
0.9279998540878296,0.0,61.32590103149414,0,25173
0.9279998540878296,0.0,32.5789909362793,0,25191
0.9159998297691345,0.0,0.0,0,25212
0.9879999756813049,0.0,0.0,0,25230
0.9759999513626099,0.0,0.0,0,25248
1.0,0.0,0.0,0,25266
1.0,0.0,0.0,0,25284
1.0,0.0,0.0,0,25302
1.0,0.0,0.0,0,25320
1.0,0.0,0.0,0,25338
1.0,0.0,0.0,0,25356
1.0,0.0,1.5504612922668457,0,25374
1.0,0.0,10.84455394744873,0,25392
1.0,0.0,20.123380661010742,0,25410
1.0,0.0,29.386978149414062,0,25428
1.0,0.0,38.63502502441406,0,25446
1.0,0.0,47.867305755615234,0,25464
1.0,0.0,57.08391189575195,0,25482
1.0,0.0,66.28523254394531,0,25500
1.0,0.0,75.4712905883789,0,25518
1.0,0.0,84.64185333251953,0,25536
1.0,0.0,93.7972412109375,0,25554
1.0,0.0,102.93741607666016,0,25572
1.0,0.0,112.06316375732422,0,25590
1.0,0.0,121.17498016357422,0,25608
1.0,0.0,130.27239990234375,0,25626
1.0,0.0,139.3556671142578,0,25644
1.0,0.0,148.42518615722656,0,25662
1.0,0.0,157.4817352294922,0,25680
1.0,0.0,168.03158569335938,0,25701
1.0,0.0,177.06072998046875,0,25719
1.0,0.0,186.0782012939453,0,25737
1.0,0.0,195.08578491210938,0,25755
1.0,0.0,204.0854034423828,0,25773
1.0,0.0,213.07577514648438,0,25791
1.0,0.0,222.0570831298828,0,25809
1.0,0.0,193.31021118164062,0,25827
1.0,0.0,164.5633544921875,0,25845
0.9879999756813049,0.0,135.8164825439453,0,25863
1.0,0.0,107.069580078125,0,25881
0.9879999756813049,0.0,78.32266998291016,0,25899
0.9879999756813049,0.0,55.85707473754883,0,25917
0.9639999270439148,0.0,64.79383850097656,0,25935
0.9879999756813049,0.0,73.72256469726562,0,25953
1.0,0.0,82.64395141601562,0,25971
0.9279998540878296,0.0,91.5575180053711,0,25989
1.0,0.0,100.46480560302734,0,26007
0.9519999027252197,0.0,109.36512756347656,0,26025
0.8799997568130493,0.0,118.25873565673828,0,26043
0.8079996109008789,0.0,127.14693450927734,0,26061
0.7359994649887085,0.0,136.02926635742188,0,26079
0.6879993677139282,0.0,144.90689086914062,0,26097
0.6499999761581421,0.0,153.77915954589844,0,26115
0.0,0.0,162.64566040039062,0,26133
0.0,0.0,171.50732421875,0,26151
0.0,0.0,180.36727905273438,0,26169
0.0,0.0,189.228759765625,0,26187
0.0,0.0,198.0945587158203,0,26205
0.0,0.0,206.96646118164062,0,26223
0.0,0.0,197.03155517578125,0,26241
0.0,0.0,168.28469848632812,0,26259
0.0,0.0,139.53782653808594,0,26277
0.0,0.0,110.79093170166016,0,26295
0.0,0.0,82.04402160644531,0,26313
0.0,0.0,78.40892028808594,0,26331
0.0,0.0,87.33588409423828,0,26349
0.0,0.0,96.27017974853516,0,26367
0.0,0.0,105.21200561523438,0,26385
0.0,0.0,114.16106414794922,0,26403
0.0,0.0,124.61105346679688,0,26424
0.0,0.0,133.57717895507812,0,26442
0.0,0.0,142.55242919921875,0,26460
0.0,0.0,151.5370330810547,0,26478
0.0,0.0,162.03079223632812,0,26499
0.0,0.0,171.03530883789062,0,26517
0.0,0.0,180.04855346679688,0,26535
0.0,0.0,189.07029724121094,0,26553
0.0,0.0,198.10055541992188,0,26571
0.0,0.0,207.13954162597656,0,26589
0.0,0.0,216.1874542236328,0,26607
0.0,0.0,225.24435424804688,0,26625
0.0,0.0,235.8221893310547,0,26646
0.0,0.0,244.89871215820312,0,26664
0.0,0.0,253.98435974121094,0,26682
0.0,0.0,263.07940673828125,0,26700
0.0,0.0,272.1839294433594,0,26718
0.0,0.0,281.2982482910156,0,26736
0.0,0.0,277.7974853515625,0,26754
0.0,0.0,249.05055236816406,0,26772
0.0,0.0,215.51254272460938,0,26793
0.035999998450279236,0.0,186.7656707763672,0,26811
0.1080000102519989,0.0,164.3379669189453,0,26829
0.17999999225139618,0.0,173.5106964111328,0,26847
0.25199997425079346,0.0,182.69058227539062,0,26865
0.32399994134902954,0.0,191.8766326904297,0,26883
0.3959999084472656,0.0,201.06790161132812,0,26901
0.4679998755455017,0.0,210.26364135742188,0,26919
0.0,0.0,220.9962921142578,0,26940
0.0,0.0,230.19979858398438,0,26958
0.0,0.0,239.40892028808594,0,26976
0.012000000104308128,0.0,248.62490844726562,0,26994
0.09600000828504562,0.0,259.3868408203125,0,27015
0.1679999977350235,0.0,268.6194152832031,0,27033
0.25199997425079346,0.0,279.3990173339844,0,27054
0.32399994134902954,0.0,288.644775390625,0,27072
0.3959999084472656,0.0,297.895263671875,0,27090
0.4679998755455017,0.0,307.1498107910156,0,27108
0.0,0.0,316.4073486328125,0,27126
0.0,0.0,325.6685791015625,0,27144
0.0,0.0,334.93572998046875,0,27162
0.0,0.0,345.7572021484375,0,27183
0.07200000435113907,0.0,355.0421447753906,0,27201
0.14400000870227814,0.0,364.3355407714844,0,27219
0.21599997580051422,0.0,373.6361389160156,0,27237
0.2879999577999115,0.0,382.94256591796875,0,27255
0.37199991941452026,0.0,355.7471923828125,0,27276
0.44399988651275635,0.0,327.000244140625,0,27294
0.5159999132156372,0.0,323.6320495605469,0,27312
0.5880000591278076,0.0,332.95379638671875,0,27330
0.660000205039978,0.0,342.2743225097656,0,27348
0.7320003509521484,0.0,351.59222412109375,0,27366
0.8160005211830139,0.0,362.4583740234375,0,27387
0.8880006670951843,0.0,371.7670593261719,0,27405
0.9600008130073547,0.0,381.06976318359375,0,27423
1.0,0.0,390.36578369140625,0,27441
1.0,0.0,399.6548156738281,0,27459
1.0,0.0,408.9369201660156,0,27477
1.0,0.0,418.21185302734375,0,27495
1.0,0.0,427.47882080078125,0,27513
1.0,0.0,438.28076171875,0,27534
1.0,0.0,447.5322570800781,0,27552
1.0,0.0,456.29998779296875,0,27570
1.0,0.0,456.29998779296875,0,27588
1.0,0.0,456.29998779296875,0,27606
1.0,0.0,456.29998779296875,0,27624
1.0,0.0,456.29998779296875,0,27642
1.0,0.0,451.5088195800781,0,27660
1.0,0.0,422.7618713378906,0,27678
1.0,0.0,394.0149230957031,0,27696
1.0,0.0,365.2679748535156,0,27714
1.0,0.0,331.7298583984375,0,27735
1.0,0.0,302.9828796386719,0,27753
1.0,0.0,274.2359313964844,0,27771
1.0,0.0,264.4413146972656,0,27789
1.0,0.0,275.11846923828125,0,27810
1.0,0.0,284.261474609375,0,27828
1.0,0.0,293.39630126953125,0,27846
1.0,0.0,302.524658203125,0,27864
1.0,0.0,311.6457214355469,0,27882
1.0,0.0,320.75848388671875,0,27900
1.0,0.0,329.86309814453125,0,27918
1.0,0.0,338.96014404296875,0,27936
1.0,0.0,348.0493469238281,0,27954
1.0,0.0,357.1305847167969,0,27972
1.0,0.0,366.2052307128906,0,27990
1.0,0.0,376.7830505371094,0,28011
1.0,0.0,384.3326721191406,0,28026
1.0,0.0,394.89593505859375,0,28047
1.0,0.0,403.9461669921875,0,28065
1.0,0.0,412.99053955078125,0,28083
1.0,0.0,422.0283203125,0,28101
1.0,0.0,431.06011962890625,0,28119
1.0,0.0,433.7918701171875,0,28137
1.0,0.0,405.0448913574219,0,28155
1.0,0.0,376.2979431152344,0,28173
1.0,0.0,342.75982666015625,0,28194
1.0,0.0,314.01287841796875,0,28212
1.0,0.0,285.26593017578125,0,28230
1.0,0.0,256.5189514160156,0,28248
1.0,0.0,227.7720947265625,0,28266
1.0,0.0,199.02523803710938,0,28284
1.0,0.0,170.2783660888672,0,28302
1.0,0.0,141.53150939941406,0,28320
1.0,0.0,150.48988342285156,0,28338
1.0,0.0,159.44081115722656,0,28356
1.0,0.0,168.38308715820312,0,28374
1.0,0.0,177.31654357910156,0,28392
1.0,0.0,186.24270629882812,0,28410
1.0,0.0,195.1611328125,0,28428
1.0,0.0,204.0710906982422,0,28446
1.0,0.0,212.97215270996094,0,28464
1.0,0.0,221.86550903320312,0,28482
1.0,0.0,230.7501220703125,0,28500
1.0,0.0,239.62648010253906,0,28518
1.0,0.0,229.68821716308594,0,28536
1.0,0.0,200.94134521484375,0,28554
1.0,0.0,172.19448852539062,0,28572
1.0,0.0,143.44761657714844,0,28590
1.0,0.0,114.70072937011719,0,28608
1.0,0.0,85.95381927490234,0,28626
1.0,0.0,57.2069091796875,0,28644
1.0,0.0,28.46000099182129,0,28662
1.0,0.0,0.0,0,28680
1.0,0.0,0.0,0,28698
1.0,0.0,0.0,0,28716
1.0,0.0,0.0,0,28734
1.0,0.0,0.0,0,28752
1.0,0.0,0.0,0,28770
1.0,0.0,0.0,0,28788
1.0,0.0,-7.279372692108154,0,28809
1.0,0.0,-14.550073623657227,0,28824
1.0,0.0,-24.716753005981445,0,28845
1.0,0.0,-33.41758728027344,0,28863
1.0,0.0,-42.105899810791016,0,28881
1.0,0.0,-50.78017044067383,0,28899
1.0,0.0,-60.88420867919922,0,28920
1.0,0.0,-50.8357048034668,0,28938
1.0,0.0,-22.08880043029785,0,28956
1.0,0.0,0.0,0,28974
1.0,0.0,0.0,0,28992
1.0,0.0,0.0,0,29010
1.0,0.0,0.0,0,29028
0.0,0.0,0.0,0,29046
0.0,0.0,0.0,0,29064
0.0,0.0,0.0,0,29082
0.0,0.0,0.0,0,29100
0.0,0.0,0.0,0,29118
0.0,0.0,0.0,0,29136
0.0,0.0,0.0,0,29154
0.0,0.0,0.0,0,29172
0.0,0.0,0.0,0,29193
0.0,0.0,0.0,0,29211
0.0,0.0,0.0,0,29226
0.0,0.0,0.0,0,29247
0.0,0.0,0.0,0,29265
0.0,0.0,0.0,0,29283
0.0,0.0,0.0,0,29301
0.0,0.0,0.0,0,29319
0.0,0.0,0.0,0,29337
1.0,0.0,0.0,0,29355
1.0,0.0,0.0,0,29373
1.0,0.0,0.0,0,29391
1.0,0.0,0.0,0,29409
1.0,0.0,0.0,0,29430
1.0,0.0,0.0,0,29448
1.0,0.0,0.0,0,29466
1.0,0.0,0.0,0,29484
1.0,0.0,0.0,0,29502
1.0,0.0,0.0,0,29520
1.0,0.0,0.0,0,29538
1.0,0.0,0.0,0,29556
1.0,0.0,0.0,0,29574
1.0,0.0,5.615445137023926,0,29592
1.0,0.0,14.031375885009766,0,29610
1.0,0.0,22.438953399658203,0,29628
1.0,0.0,30.83831214904785,0,29646
1.0,0.0,39.22870635986328,0,29664
1.0,0.0,47.60975646972656,0,29682
1.0,0.0,55.98176574707031,0,29700
1.0,0.0,34.8147087097168,0,29721
1.0,0.0,6.067811012268066,0,29739
1.0,0.0,0.0,0,29757
1.0,0.0,0.0,0,29775
1.0,0.0,0.0,0,29793
1.0,0.0,0.0,0,29811
1.0,0.0,0.0,0,29829
1.0,0.0,0.0,0,29847
1.0,0.0,0.0,0,29865
1.0,0.0,0.0,0,29889
1.0,0.0,0.0,0,29907
1.0,0.0,0.0,0,29925
1.0,0.0,0.0,0,29943
1.0,0.0,0.0,0,29961
1.0,0.0,0.0,0,29979
1.0,0.0,0.0,0,29997
1.0,0.0,0.0,0,30018
1.0,0.0,0.0,0,30036
1.0,0.0,0.0,0,30054
1.0,0.0,0.0,0,30072
1.0,0.0,0.0,0,30090
1.0,0.0,0.0,0,30108
1.0,0.0,0.0,0,30126
1.0,0.0,0.0,0,30144
1.0,0.0,0.0,0,30162
1.0,0.0,0.0,0,30183
1.0,0.0,0.0,0,30201
1.0,0.0,0.0,0,30219
1.0,0.0,0.0,0,30237
1.0,0.0,0.0,0,30255
1.0,0.0,0.0,0,30273
1.0,0.0,-1.3407528400421143,0,30291
1.0,0.0,-9.37934684753418,0,30309
1.0,0.0,-17.408111572265625,0,30327
1.0,0.0,-26.7624454498291,0,30348
1.0,0.0,-34.76931381225586,0,30366
1.0,0.0,-36.64285659790039,0,30384
1.0,0.0,-7.895956039428711,0,30402
1.0,0.0,0.0,0,30420
1.0,0.0,0.0,0,30438
1.0,0.0,0.0,0,30456
1.0,0.0,0.0,0,30474
1.0,0.0,0.0,0,30492
1.0,0.0,0.0,0,30510
1.0,0.0,0.0,0,30528
1.0,0.0,0.0,0,30546
1.0,0.0,0.0,0,30564
1.0,0.0,0.0,0,30582
1.0,0.0,0.0,0,30600
1.0,0.0,0.0,0,30618
1.0,0.0,0.0,0,30636
1.0,0.0,0.0,0,30654
1.0,0.0,0.0,0,30675
1.0,0.0,0.0,0,30693
1.0,0.0,0.0,0,30711
1.0,0.0,0.0,0,30729
1.0,0.0,0.0,0,30747
1.0,0.0,0.0,0,30765
1.0,0.0,-3.888819932937622,0,30783
1.0,0.0,-11.658926963806152,0,30801
1.0,0.0,-18.49291229248047,0,30819
1.0,0.0,-24.847490310668945,0,30837
1.0,0.0,-31.18349838256836,0,30855
1.0,0.0,-19.97102928161621,0,30873
1.0,0.0,0.0,0,30891
1.0,0.0,0.0,0,30909
1.0,0.0,0.0,0,30927
1.0,0.0,0.0,0,30945
1.0,0.0,0.0,0,30963
1.0,0.0,0.0,0,30981
1.0,0.0,0.0,0,30999
1.0,0.0,0.0,0,31017
1.0,0.0,0.0,0,31035
1.0,0.0,0.0,0,31056
1.0,0.0,0.0,0,31074
1.0,0.0,0.0,0,31089
1.0,0.0,0.0,0,31107
1.0,0.0,0.0,0,31128
1.0,0.0,0.0,0,31146
1.0,0.0,0.0,0,31164
1.0,0.0,0.0,0,31182
1.0,0.0,0.0,0,31200
1.0,0.0,0.0,0,31218
1.0,0.0,0.0,0,31236
1.0,0.0,0.0,0,31254
1.0,0.0,0.0,0,31272
1.0,0.0,0.0,0,31290
1.0,0.0,0.0,0,31308
1.0,0.0,0.0,0,31326
1.0,0.0,0.0,0,31344
1.0,0.0,0.0,0,31362
1.0,0.0,0.0,0,31380
1.0,0.0,0.0,0,31398
1.0,0.0,0.0,0,31419
1.0,0.0,0.0,0,31437
1.0,0.0,0.0,0,31455
1.0,0.0,0.0,0,31473
1.0,0.0,0.0,0,31491
1.0,0.0,0.0,0,31509
1.0,0.0,0.0,0,31530
1.0,0.0,0.0,0,31548
1.0,0.0,0.0,0,31566
1.0,0.0,0.0,0,31584
1.0,0.0,0.0,0,31602
1.0,0.0,0.0,0,31620
1.0,0.0,0.0,0,31638
1.0,0.0,0.0,0,31659
1.0,0.0,0.0,0,31677
1.0,0.0,0.0,0,31695
1.0,0.0,0.0,0,31713
1.0,0.0,0.0,0,31731
1.0,0.0,3.665119171142578,0,31752
1.0,0.0,9.151060104370117,0,31770
1.0,0.0,14.622989654541016,0,31788
1.0,0.0,20.080018997192383,0,31806
1.0,0.0,15.034102439880371,0,31827
1.0,0.0,0.0,0,31845
1.0,0.0,0.0,0,31863
1.0,0.0,0.0,0,31881
1.0,0.0,0.0,0,31899
1.0,0.0,0.0,0,31920
1.0,0.0,0.0,0,31938
1.0,0.0,0.0,0,31956
1.0,0.0,0.0,0,31974
1.0,0.0,0.0,0,31995
1.0,0.0,0.0,0,32013
1.0,0.0,0.0,0,32031
1.0,0.0,0.0,0,32052
1.0,0.0,0.0,0,32070
1.0,0.0,0.0,0,32088
1.0,0.0,0.0,0,32106
1.0,0.0,0.0,0,32127
1.0,0.0,0.0,0,32145
1.0,0.0,-2.5860729217529297,0,32166
1.0,0.0,-7.747925758361816,0,32184
1.0,0.0,-12.896795272827148,0,32202
1.0,0.0,-18.88743019104004,0,32223
1.0,0.0,-24.00676918029785,0,32241
1.0,0.0,0.0,0,32259
1.0,0.0,0.0,0,32280
1.0,0.0,0.0,0,32298
1.0,0.0,0.0,0,32316
1.0,0.0,0.0,0,32337
1.0,0.0,0.0,0,32355
1.0,0.0,0.0,0,32376
1.0,0.0,0.0,0,32394
1.0,0.0,0.0,0,32412
0.0,0.0,0.0,0,32433
0.0,0.0,0.0,0,32451
0.0,0.0,0.0,0,32472
0.0,0.0,0.0,0,32490
0.0,0.0,0.0,0,32511
0.0,0.7400694489479065,0.0,0,32529
0.0,0.8300226330757141,0.0,0,32550
0.0,0.9011653661727905,0.0,0,32568
0.0,1.0,0.0,0,32589
0.0,1.0,0.0,0,32607
0.0,1.0,0.0,0,32628
0.0,0.9970471262931824,0.0,0,32646
0.0,1.0,0.0,0,32667
0.0,1.0,0.0,0,32688
0.0,1.0,0.0,0,32706
0.0,1.0,0.0,0,32727
0.0,0.7827844619750977,0.0,0,32745
0.0,0.7613577246665955,0.0,0,32766
0.0,1.0,0.0,0,32787
0.0,1.0,0.0,0,32805
0.0,1.0,0.0,0,32826
0.0,1.0,0.0,0,32847
0.0,1.0,0.0,0,32865
0.0,1.0,0.0,0,32886
0.0,0.9836236834526062,0.0,0,32907
0.0,1.0,0.0,0,32925
0.0,1.0,0.0,0,32946
0.0,1.0,0.0,0,32964
0.0,1.0,0.0,0,32985
0.0,1.0,0.0,0,33003
0.0,1.0,0.0,0,33024
0.0,1.0,0.0,0,33042
0.0,1.0,0.0,0,33063
0.0,1.0,0.0,0,33081
0.0,0.9865434765815735,-5.193121910095215,0,33102
0.0,0.9468344449996948,-13.003120422363281,0,33120
0.0,0.9798418283462524,-20.83702850341797,0,33138
0.0,1.0,-30.0076904296875,0,33159
0.0,1.0,-37.895320892333984,0,33177
0.0,0.9706466794013977,-45.807716369628906,0,33195
0.0,0.932538628578186,-24.494646072387695,0,33216
0.0,0.9265847206115723,0.0,0,33234
0.0,0.9118032455444336,0.0,0,33252
0.0,0.9532325863838196,0.0,0,33273
0.0,0.9928858876228333,0.0,0,33291
0.0,1.0,0.0,0,33309
0.0,1.0,0.0,0,33330
0.0,0.979729175567627,0.0,0,33348
0.0,0.9178336262702942,0.0,0,33366
0.0,0.9840024709701538,0.0,0,33387
0.0,1.0,0.0,0,33405
0.0,1.0,0.0,0,33423
0.0,1.0,0.0,0,33444
0.0,1.0,0.0,0,33465
0.0,1.0,0.0,0,33483
0.0,1.0,0.0,0,33504
0.0,1.0,0.0,0,33525
0.0,1.0,0.0,0,33543
0.0,1.0,0.0,0,33564
0.0,1.0,0.0,0,33582
0.0,1.0,0.0,0,33600
0.0,1.0,-4.272576808929443,0,33621
0.0,0.9836640357971191,-12.839204788208008,0,33639
0.0,0.9603607058525085,-22.868515014648438,0,33660
0.0,0.9822829365730286,-31.494287490844727,0,33678
0.0,0.9605612754821777,-40.14691162109375,0,33696
0.0,0.9386346936225891,-31.556711196899414,0,33717
0.0,0.9700630903244019,-2.809812307357788,0,33735
0.0,1.0,0.0,0,33756
0.0,1.0,0.0,0,33774
0.0,1.0,0.0,0,33792
0.0,0.9935637712478638,0.0,0,33813
0.0,0.9756687879562378,0.0,0,33831
0.0,0.9928906559944153,0.0,0,33852
0.0,1.0,0.0,0,33870
0.0,1.0,0.0,0,33891
0.0,1.0,0.0,0,33909
0.0,1.0,0.0,0,33927
0.0,0.9903321266174316,-7.544343948364258,0,33948
0.0,1.0,-16.624799728393555,0,33966
0.0,1.0,-27.25394058227539,0,33987
0.0,1.0,-36.397342681884766,0,34005
0.07000000029802322,0.9818345308303833,-47.10002517700195,0,34026
0.4899999797344208,0.9941865801811218,-49.97780227661133,0,34044
0.699999988079071,0.9774300456047058,-21.230897903442383,0,34062
0.699999988079071,0.9580971598625183,0.0,0,34083
0.699999988079071,0.9915200471878052,0.0,0,34104
0.699999988079071,1.0,0.0,0,34122
0.699999988079071,0.9915873408317566,0.0,0,34140
0.699999988079071,0.9471518397331238,0.0,0,34161
0.699999988079071,0.9155594110488892,0.0,0,34179
0.699999988079071,0.956694483757019,0.0,0,34200
0.17500001192092896,1.0,0.0,0,34218
0.0,0.9752945899963379,-11.092554092407227,0,34239
0.0,0.9998671412467957,-20.633291244506836,0,34257
0.0,0.9726203680038452,-30.200502395629883,0,34275
0.0,0.9860594868659973,-41.39433670043945,0,34296
0.0,0.9667744636535645,-51.01424026489258,0,34314
0.0,0.9887508153915405,-60.66172790527344,0,34332
0.0,0.9539828300476074,-71.94979858398438,0,34353
0.0,0.9514287710189819,-81.65699768066406,0,34371
0.0,0.9748297929763794,-67.35709381103516,0,34392
0.0,0.9867161512374878,-38.61017990112305,0,34410
0.0,0.9610066413879395,-9.863279342651367,0,34428
0.0,0.9594380259513855,0.0,0,34449
0.0,0.9992915391921997,0.0,0,34467
0.0,1.0,0.0,0,34485
0.0,0.9979695081710815,0.0,0,34506
0.0,1.0,0.0,0,34524
0.0,0.9777409434318542,0.0,0,34542
0.0,0.9831716418266296,0.0,0,34563
0.0,0.0,0.0,0,34584
0.0,0.0,0.0,0,34602
0.0,0.0,0.0,0,34620
0.0,0.0,0.0,0,34641
0.0,0.0,0.0,0,34659
0.0,0.0,0.0,0,34677
0.0,0.0,0.0,0,34698
0.0,0.0,0.0,0,34716
0.0,0.0,-8.417293548583984,0,34734
0.0,0.0,-20.204721450805664,0,34755
0.0,0.0,-30.311296463012695,0,34773
0.0,0.0,-42.10603713989258,0,34794
0.0,0.0,-52.219200134277344,0,34812
0.0,0.0,-62.33560562133789,0,34830
0.0,0.0,-74.14231872558594,0,34851
0.0,0.0,-64.83036041259766,0,34869
0.0,0.0,-36.08344650268555,0,34887
0.0,0.0,0.0,0,34911
0.0,0.0,0.0,0,34929
0.0,0.0,-8.448420524597168,0,34950
0.0,0.0,-18.58942413330078,0,34968
0.0,0.0,-28.733600616455078,0,34986
0.0,0.0,-40.572566986083984,0,35007
0.0,0.0,-50.723812103271484,0,35025
0.0,0.0,-62.5711784362793,0,35046
0.0,0.0,-72.7298583984375,0,35064
0.0,0.0,-82.89214324951172,0,35082
0.0,0.0,-93.05803680419922,0,35100
0.06000000238418579,0.0,-104.9229736328125,0,35121
0.13200001418590546,0.0,-115.0965347290039,0,35139
0.20399998128414154,0.0,-125.27169799804688,0,35157
0.2879999577999115,0.0,-137.1432647705078,0,35178
0.3599999248981476,0.0,-147.31910705566406,0,35196
0.43199989199638367,0.0,-157.49508666992188,0,35214
0.5159999132156372,0.0,-169.36643981933594,0,35235
0.5880000591278076,0.0,-179.53965759277344,0,35253
0.660000205039978,0.0,-189.70892333984375,0,35271
0.7320003509521484,0.0,-199.873046875,0,35289
0.0,0.0,-211.72386169433594,0,35310
0.0,0.0,-221.87594604492188,0,35328
0.0,0.0,-232.02880859375,0,35346
0.0,0.0,-243.88145446777344,0,35367
0.0,0.0,-254.04769897460938,0,35385
0.0,0.0,-264.2199401855469,0,35403
0.0,0.0,-276.09521484375,0,35424
0.035999998450279236,0.0,-286.2809143066406,0,35442
0.1080000102519989,0.0,-296.4729919433594,0,35460
0.17999999225139618,0.0,-306.6702575683594,0,35478
0.26399996876716614,0.0,-318.5716247558594,0,35499
0.3359999358654022,0.0,-328.7756652832031,0,35517
0.4079999029636383,0.0,-338.98211669921875,0,35535
0.49199986457824707,0.0,-350.89239501953125,0,35556
0.5640000104904175,0.0,-361.1023254394531,0,35574
0.6360001564025879,0.0,-371.3111572265625,0,35592
0.7200003266334534,0.0,-383.2184753417969,0,35613
0.7920004725456238,0.0,-393.42132568359375,0,35631
0.8640006184577942,0.0,-364.6743469238281,0,35649
0.9480007886886597,0.0,-331.13623046875,0,35670
1.0,0.0,-302.3892822265625,0,35688
1.0,0.0,-273.642333984375,0,35706
0.9759999513626099,0.0,-244.89540100097656,0,35724
1.0,0.0,-211.35739135742188,0,35745
1.0,0.0,-182.61053466796875,0,35763
0.9879999756813049,0.0,-153.86366271972656,0,35781
1.0,0.0,-120.32563781738281,0,35802
0.9639999270439148,0.0,-91.57872772216797,0,35820
0.9879999756813049,0.0,-62.831817626953125,0,35838
1.0,0.0,-60.00016403198242,0,35856
1.0,0.0,-70.1176528930664,0,35874
1.0,0.0,-81.90694427490234,0,35895
1.0,0.0,-91.99850463867188,0,35913
1.0,0.0,-102.07844543457031,0,35931
1.0,0.0,-112.14619445800781,0,35949
1.0,0.0,-122.20173645019531,0,35967
1.0,0.0,-133.91751098632812,0,35988
1.0,0.0,-143.94715881347656,0,36006
1.0,0.0,-134.5844268798828,0,36024
1.0,0.0,-105.83751678466797,0,36042
1.0,0.0,-77.09060668945312,0,36060
1.0,0.0,-48.34369659423828,0,36078
1.0,0.0,-14.80564022064209,0,36099
1.0,0.0,0.0,0,36117
1.0,0.0,0.0,0,36135
1.0,0.0,0.0,0,36156
1.0,0.0,-1.6480990648269653,0,36186
1.0,0.0,-14.81513786315918,0,36210
1.0,0.0,-27.95005989074707,0,36234
1.0,0.0,-39.41733932495117,0,36255
1.0,0.0,-25.160072326660156,0,36276
1.0,0.0,0.0,0,36297
1.0,0.0,0.0,0,36315
1.0,0.0,0.0,0,36336
1.0,0.0,0.0,0,36354
1.0,0.0,-4.850875377655029,0,36375
1.0,0.0,-17.76358985900879,0,36399
1.0,0.0,-27.425622940063477,0,36417
1.0,0.0,-38.6737060546875,0,36438
1.0,0.0,-48.29429244995117,0,36456
1.0,0.0,-57.89634323120117,0,36474
1.0,0.0,-67.48051452636719,0,36492
1.0,0.0,-78.63951110839844,0,36513
1.0,0.0,-88.18496704101562,0,36531
1.0,0.0,-97.713134765625,0,36549
1.0,0.0,-107.2244644165039,0,36567
1.0,0.0,-118.30004119873047,0,36588
1.0,0.0,-127.77580261230469,0,36606
1.0,0.0,-137.2360382080078,0,36624
1.0,0.0,-146.68301391601562,0,36642
1.0,0.0,-156.11691284179688,0,36660
1.0,0.0,-167.10614013671875,0,36681
1.0,0.0,-176.5129852294922,0,36699
1.0,0.0,-173.19578552246094,0,36717
1.0,0.0,-144.44891357421875,0,36735
1.0,0.0,-115.7020263671875,0,36753
1.0,0.0,-86.95511627197266,0,36771
1.0,0.0,-58.20820236206055,0,36789
1.0,0.0,-29.46129608154297,0,36807
1.0,0.0,-0.7143959403038025,0,36825
1.0,0.0,-9.323732376098633,0,36846
1.0,0.0,-18.635852813720703,0,36864
1.0,0.0,-27.934988021850586,0,36882
1.0,0.0,-37.22062683105469,0,36900
1.0,0.0,-46.492042541503906,0,36918
1.0,0.0,-55.74905014038086,0,36936
1.0,0.0,-64.99343872070312,0,36954
1.0,0.0,-74.22486114501953,0,36972
0.0,0.0,-88.04673767089844,0,36999
0.0,0.0,-101.84818267822266,0,37026
0.0,0.0,-115.65116882324219,0,37053
0.0,0.0,-124.85933685302734,0,37071
0.0,0.0,-135.60926818847656,0,37092
0.0,0.0,-146.36724853515625,0,37113
0.0,0.0,-158.67266845703125,0,37137
0.0,0.0,-167.9093780517578,0,37155
0.0,0.0,-178.69418334960938,0,37176
0.0,0.0,-187.94606018066406,0,37194
0.0,0.0,-197.20556640625,0,37212
0.0,0.0,-206.47303771972656,0,37230
0.0,0.0,-215.74864196777344,0,37248
0.0,0.0,-225.0325164794922,0,37266
0.0,0.0,-234.32493591308594,0,37284
0.0,0.0,-243.62596130371094,0,37302
0.0,0.0,-252.9354248046875,0,37320
0.0,0.0,-262.25347900390625,0,37338
0.0,0.0,-271.5803527832031,0,37356
0.0,0.0,-280.9162292480469,0,37374
0.0,0.0,-285.47003173828125,0,37395
0.0,0.0,-261.51422119140625,0,37410
0.0,0.0,-232.76734924316406,0,37428
0.0,0.0,-204.02047729492188,0,37446
0.0,0.0,-175.27362060546875,0,37464
0.0,0.0,-179.8736572265625,0,37485
0.0,0.0,-189.27291870117188,0,37503
0.0,0.0,-197.11184692382812,0,37518
0.0,0.0,-208.09584045410156,0,37539
0.0,0.0,-217.51963806152344,0,37557
0.0,0.0,-226.95193481445312,0,37575
0.0,0.0,-236.39295959472656,0,37593
0.0,0.0,-245.84274291992188,0,37611
0.0,0.0,-255.3011474609375,0,37629
0.0,0.0,-264.7682800292969,0,37647
0.0,0.0,-274.24432373046875,0,37665
0.0,0.0,-283.7294006347656,0,37683
0.0,0.0,-293.2236633300781,0,37701
0.0,0.0,-302.7272644042969,0,37719
0.0,0.0,-312.2403259277344,0,37737
0.0,0.0,-321.7629699707031,0,37755
0.0,0.0,-331.2953796386719,0,37773
0.0,0.0,-340.8377380371094,0,37791
0.0,0.0,-350.3899841308594,0,37809
0.0,0.0,-359.9521179199219,0,37827
0.0,0.0,-369.5244140625,0,37845
0.0,0.0,-380.7053527832031,0,37866
0.0,0.0,-390.3003845214844,0,37884
0.0,0.0,-399.9060974121094,0,37902
0.0,0.0,-409.5226135253906,0,37920
0.0,0.0,-419.1500244140625,0,37938
0.0,0.0,-427.1810302734375,0,37953
0.0,0.0,-436.82818603515625,0,37971
0.0,0.0,-435.2935485839844,0,37992
0.0,0.0,-406.5466003417969,0,38010
0.0,0.0,-377.7996520996094,0,38028
0.0,0.0,-349.0527038574219,0,38046
0.0,0.0,-339.5325012207031,0,38064
0.0,0.0,-349.2464904785156,0,38082
0.0,0.0,-357.3489685058594,0,38097
0.0,0.0,-368.5506286621094,0,38118
0.0,0.0,-377.7149353027344,0,38136
0.0,0.0,-370.40625,0,38151
0.0,0.0,-362.0399169921875,0,38169
0.0,0.0,-354.12139892578125,0,38187
0.0,0.0,-346.65777587890625,0,38205
0.0,0.0,-339.4974060058594,0,38223
0.0,0.0,-332.3298645019531,0,38241
0.0,0.0,-325.1471252441406,0,38259
0.0,0.0,-317.94940185546875,0,38277
0.0,0.0,-310.7367858886719,0,38295
0.0,0.0,-303.5096130371094,0,38313
0.0,0.0,-296.2684631347656,0,38331
0.0,0.0,-288.9819641113281,0,38349
0.0,0.0,-281.2340087890625,0,38367
0.0,0.0,-287.2130432128906,0,38385
0.0,0.0,-294.645751953125,0,38400
0.0,0.0,-304.14923095703125,0,38418
0.0,0.0,-314.0377502441406,0,38436
0.0,0.0,-323.9349670410156,0,38454
0.0,0.0,-333.8403015136719,0,38472
0.0,0.0,-343.75390625,0,38490
0.0,0.0,-353.676025390625,0,38508
0.0,0.0,-363.60662841796875,0,38526
0.0,0.0,-373.54608154296875,0,38544
0.0,0.0,-383.4944152832031,0,38562
0.0,0.0,-393.4515075683594,0,38580
0.0,0.0,-403.41741943359375,0,38598
0.0,0.0,-411.7291564941406,0,38613
0.0,0.0,-421.7115783691406,0,38631
0.0,0.0,-431.7031555175781,0,38649
0.0,0.0,-441.7039489746094,0,38667
0.0,0.0,-451.71435546875,0,38685
0.0,0.0,-456.29998779296875,0,38703
0.0,0.0,-456.29998779296875,0,38721
0.0,0.0,-456.29998779296875,0,38739
0.0,0.0,-456.29998779296875,0,38757
0.0,0.0,-456.29998779296875,0,38775
0.0,0.0,-456.29998779296875,0,38793
0.0,0.0,-456.29998779296875,0,38811
0.0,0.0,-441.926513671875,0,38829
0.0,0.0,-413.1795654296875,0,38847
0.0,0.0,-389.2237548828125,0,38862
0.0,0.0,-360.476806640625,0,38880
0.0,0.0,-331.7298583984375,0,38898
0.0,0.0,-302.9828796386719,0,38916
0.0,0.0,-274.2359313964844,0,38934
0.07200000435113907,0.0,-240.69786071777344,0,38955
0.14400000870227814,0.0,-211.9510040283203,0,38973
0.20399998128414154,0.0,-187.99526977539062,0,38988
0.2759999632835388,0.0,-159.2484130859375,0,39006
0.3479999303817749,0.0,-130.5015411376953,0,39024
0.419999897480011,0.0,-101.754638671875,0,39042
0.49199986457824707,0.0,-73.00772857666016,0,39060
0.5640000104904175,0.0,-70.2036361694336,0,39078
0.6360001564025879,0.0,-80.36648559570312,0,39096
0.7080003023147583,0.0,-90.52253723144531,0,39114
0.7800004482269287,0.0,-100.670654296875,0,39132
0.8520005941390991,0.0,-110.8106918334961,0,39150
0.9240007400512695,0.0,-120.94222259521484,0,39168
0.9960008859634399,0.0,-131.06393432617188,0,39186
1.0,0.0,-141.1748809814453,0,39204
1.0,0.0,-151.2747802734375,0,39222
1.0,0.0,-159.68310546875,0,39237
1.0,0.0,-169.76318359375,0,39255
1.0,0.0,-181.50900268554688,0,39276
1.0,0.0,-191.56419372558594,0,39294
1.0,0.0,-201.60760498046875,0,39312
1.0,0.0,-211.6387939453125,0,39330
1.0,0.0,-221.6578826904297,0,39348
1.0,0.0,-231.66673278808594,0,39366
1.0,0.0,-241.66519165039062,0,39384
1.0,0.0,-251.6532440185547,0,39402
1.0,0.0,-261.6311340332031,0,39420
1.0,0.0,-271.6014709472656,0,39438
1.0,0.0,-281.5650939941406,0,39456
1.0,0.0,-265.7198181152344,0,39474
1.0,0.0,-236.97293090820312,0,39492
1.0,0.0,-208.22605895996094,0,39510
1.0,0.0,-174.68804931640625,0,39531
1.0,0.0,-145.94119262695312,0,39549
1.0,0.0,-117.19430541992188,0,39567
1.0,0.0,-88.44739532470703,0,39585
1.0,0.0,-59.70048522949219,0,39603
1.0,0.0,-63.14838409423828,0,39621
1.0,0.0,-74.67171478271484,0,39642
1.0,0.0,-84.53663635253906,0,39660
1.0,0.0,-94.39048767089844,0,39678
1.0,0.0,-104.2325210571289,0,39696
1.0,0.0,-114.0622329711914,0,39714
1.0,0.0,-123.88029479980469,0,39732
1.0,0.0,-133.6885528564453,0,39750
1.0,0.0,-117.79094696044922,0,39768
1.0,0.0,-89.04403686523438,0,39786
1.0,0.0,-55.5059700012207,0,39807
1.0,0.0,-26.759063720703125,0,39825
1.0,0.0,0.0,0,39843
1.0,0.0,0.0,0,39861
1.0,0.0,0.0,0,39879
1.0,0.0,0.0,0,39897
1.0,0.0,0.0,0,39918
1.0,0.0,0.0,0,39936
1.0,0.0,-4.826694488525391,0,39957
1.0,0.0,-14.467309951782227,0,39975
1.0,0.0,-24.090394973754883,0,39993
1.0,0.0,-35.29502868652344,0,40014
1.0,0.0,-44.87953186035156,0,40032
1.0,0.0,-54.44624710083008,0,40050
1.0,0.0,-63.996070861816406,0,40068
1.0,0.0,-73.52890014648438,0,40086
1.0,0.0,-51.16027069091797,0,40104
1.0,0.0,-22.41336441040039,0,40122
1.0,0.0,-3.157560348510742,0,40143
1.0,0.0,-12.618700981140137,0,40161
1.0,0.0,-22.0624942779541,0,40179
1.0,0.0,-31.48854637145996,0,40197
1.0,0.0,-40.896690368652344,0,40215
1.0,0.0,-50.286983489990234,0,40233
1.0,0.0,-59.65970230102539,0,40251
1.0,0.0,-69.01539611816406,0,40269
1.0,0.0,-78.35440063476562,0,40287
1.0,0.0,-87.67652893066406,0,40305
1.0,0.0,-77.95789337158203,0,40323
1.0,0.0,-49.21097946166992,0,40341
1.0,0.0,-15.67292594909668,0,40362
1.0,0.0,-3.08310604095459,0,40380
1.0,0.0,-12.320664405822754,0,40398
1.0,0.0,-21.541122436523438,0,40416
1.0,0.0,-30.744869232177734,0,40434
1.0,0.0,-39.931915283203125,0,40452
1.0,0.0,-50.62883377075195,0,40473
1.0,0.0,-59.78033447265625,0,40491
1.0,0.0,-68.91654968261719,0,40509
1.0,0.0,-78.037353515625,0,40527
1.0,0.0,-87.14363861083984,0,40545
1.0,0.0,-89.9312973022461,0,40563
1.0,0.0,-61.184383392333984,0,40581
1.0,0.0,-32.43747329711914,0,40599
1.0,0.0,-3.6905744075775146,0,40617
1.0,0.0,-7.531796932220459,0,40638
1.0,0.0,-16.558021545410156,0,40656
1.0,0.0,-25.570480346679688,0,40674
1.0,0.0,-34.56824493408203,0,40692
1.0,0.0,-43.551177978515625,0,40710
1.0,0.0,-52.51933288574219,0,40728
1.0,0.0,-61.47322463989258,0,40746
1.0,0.0,-70.41338348388672,0,40764
1.0,0.0,-79.33917999267578,0,40782
1.0,0.0,-89.7348403930664,0,40803
1.0,0.0,-98.63306427001953,0,40821
1.0,0.0,-107.51997375488281,0,40839
1.0,0.0,-116.39498901367188,0,40857
1.0,0.0,-125.25822448730469,0,40875
1.0,0.0,-134.1106719970703,0,40893
1.0,0.0,-144.42568969726562,0,40914
1.0,0.0,-153.255615234375,0,40932
1.0,0.0,-162.076171875,0,40950
1.0,0.0,-170.88572692871094,0,40968
1.0,0.0,-181.15243530273438,0,40989
1.0,0.0,-189.9415283203125,0,41007
1.0,0.0,-198.7222137451172,0,41025
1.0,0.0,-207.49562072753906,0,41043
1.0,0.0,-210.00836181640625,0,41061
0.9879999756813049,0.0,-176.47035217285156,0,41082
0.9639999270439148,0.0,-147.72349548339844,0,41100
1.0,0.0,-118.97660827636719,0,41118
1.0,0.0,-90.22969818115234,0,41136
1.0,0.0,-61.4827880859375,0,41154
0.9519999027252197,0.0,-59.16322708129883,0,41175
1.0,0.0,-67.87884521484375,0,41193
1.0,0.0,-76.5952377319336,0,41211
0.0,0.0,-85.308349609375,0,41229
0.0,0.0,-94.01853942871094,0,41247
0.0,0.0,-102.73209381103516,0,41265
0.0,0.0,-111.4500503540039,0,41283
0.0,0.0,-121.62605285644531,0,41304
0.0,0.0,-130.35235595703125,0,41322
0.0,0.0,-139.0824432373047,0,41340
0.0,0.0,-147.81483459472656,0,41358
0.0,0.0,-156.5436553955078,0,41376
0.0,0.0,-165.2649383544922,0,41394
0.0,0.0,-175.4293975830078,0,41415
0.0,0.0,-184.13441467285156,0,41433
0.0,0.0,-192.83602905273438,0,41451
0.0,0.0,-196.74703979492188,0,41472
0.0,0.0,-168.00018310546875,0,41490
0.0,0.0,-139.25331115722656,0,41508
0.6499999761581421,0.0,-110.50641632080078,0,41526
0.6499999761581421,0.0,-81.75950622558594,0,41544
0.6499999761581421,0.0,-53.01259231567383,0,41562
0.6499999761581421,0.0,-24.26568603515625,0,41580
0.6499999761581421,0.0,0.0,0,41601
0.6499999761581421,0.0,0.0,0,41619
0.6499999761581421,0.0,0.0,0,41637
0.6499999761581421,0.0,0.0,0,41658
0.6499999761581421,0.0,0.0,0,41676
0.6499999761581421,0.0,0.0,0,41694
0.6499999761581421,0.0,0.0,0,41712
0.6499999761581421,0.0,5.802486896514893,0,41733
0.6499999761581421,0.0,14.501044273376465,0,41751
0.6499999761581421,0.0,23.194894790649414,0,41769
0.6499999761581421,0.0,31.883697509765625,0,41787
0.6620000004768372,0.0,40.5640983581543,0,41805
0.7340001463890076,0.0,49.24030685424805,0,41823
0.806000292301178,0.0,57.91120147705078,0,41841
0.8780004382133484,0.0,66.57648468017578,0,41859
0.0,0.0,75.23223876953125,0,41877
0.024000000208616257,0.0,83.88241577148438,0,41895
0.1080000102519989,0.0,87.74176788330078,0,41916
0.17999999225139618,0.0,58.99485778808594,0,41934
0.25199997425079346,0.0,30.247947692871094,0,41952
0.32399994134902954,0.0,1.5010486841201782,0,41970
0.3959999084472656,0.0,0.0,0,41988
0.4679998755455017,0.0,0.0,0,42006
0.5399999618530273,0.0,0.0,0,42024
0.6240001320838928,0.0,0.0,0,42045
0.6960002779960632,0.0,0.0,0,42063
0.7680004239082336,0.0,0.0,0,42081
0.840000569820404,0.0,0.0,0,42099
0.9120007157325745,0.0,-5.738983631134033,0,42117
0.9840008616447449,0.0,-14.340042114257812,0,42135
1.0,0.0,-22.931682586669922,0,42153
1.0,0.0,-31.513769149780273,0,42171
1.0,0.0,-40.08621597290039,0,42189
1.0,0.0,-23.776901245117188,0,42207
1.0,0.0,0.0,0,42225
1.0,0.0,0.0,0,42246
1.0,0.0,0.0,0,42264
1.0,0.0,0.0,0,42282
1.0,0.0,0.0,0,42300
1.0,0.0,0.0,0,42318
1.0,0.0,0.0,0,42336
1.0,0.0,8.47986888885498,0,42354
1.0,0.0,16.94985580444336,0,42372
1.0,0.0,25.40973472595215,0,42390
1.0,0.0,33.85934066772461,0,42408
1.0,0.0,42.2985954284668,0,42426
1.0,0.0,50.72785186767578,0,42444
1.0,0.0,59.146881103515625,0,42462
0.0,0.0,68.95618438720703,0,42483
0.0,0.0,71.16410064697266,0,42501
0.0,0.0,42.41718673706055,0,42519
0.0,0.0,13.670284271240234,0,42537
0.0,0.0,0.0,0,42555
0.0,0.0,0.0,0,42573
0.0,0.0,0.0,0,42591
0.0,0.0,0.0,0,42609
0.0,0.0,0.0,0,42627
0.0,0.7623372077941895,0.0,0,42648
0.0,0.8686701059341431,0.0,0,42666
0.0,0.9549099206924438,0.0,0,42684
0.0,0.9525192379951477,0.0,0,42702
0.0,0.9729728698730469,0.0,0,42720
0.0,1.0,0.0,0,42738
0.0,1.0,0.0,0,42756
0.0,1.0,0.0,0,42774
0.0,1.0,0.0,0,42792
0.0,1.0,0.0,0,42813
0.0,0.9010404944419861,0.0,0,42831
0.0,0.8789435625076294,0.0,0,42849
0.0,0.9459963440895081,0.0,0,42867
0.0,1.0,0.0,0,42885
0.0,1.0,0.0,0,42903
0.0,1.0,0.0,0,42924
0.0,1.0,7.388972759246826,0,42942
0.0,1.0,16.284154891967773,0,42960
0.0,1.0,25.209335327148438,0,42978
0.0,1.0,35.65966033935547,0,42999
0.0,0.9579421877861023,44.64812469482422,0,43017
0.0,0.9518097639083862,53.6640739440918,0,43035
0.0,0.9744654893875122,62.705772399902344,0,43053
0.0,0.9969606399536133,60.678985595703125,0,43074
0.0,0.9732291102409363,36.72322463989258,0,43089
0.0,0.9547911882400513,3.1851751804351807,0,43110
0.20999999344348907,0.9528387784957886,0.0,0,43131
0.6299999952316284,0.955147385597229,0.0,0,43149
0.699999988079071,0.9579353332519531,0.0,0,43167
0.699999988079071,0.9551252126693726,0.0,0,43188
0.699999988079071,0.9377573728561401,0.0,0,43206
0.699999988079071,0.9535630941390991,0.0,0,43224
0.699999988079071,0.9926216006278992,0.0,0,43245
0.699999988079071,1.0,0.0,0,43266
0.699999988079071,0.9910739064216614,0.0,0,43284
0.699999988079071,0.9975031614303589,0.0,0,43302
0.0,1.0,0.0,0,43323
0.0,1.0,0.0,0,43341
0.0,1.0,9.532353401184082,0,43359
0.0,1.0,19.092967987060547,0,43377
0.0,1.0,28.679763793945312,0,43395
0.0,0.9791595339775085,38.29393005371094,0,43413
0.0,0.97376549243927,49.54416275024414,0,43434
0.0,0.9692209959030151,59.21858215332031,0,43452
0.0,0.9196581840515137,36.877777099609375,0,43470
0.0,0.9436915516853333,8.130875587463379,0,43488
0.0,0.9166510701179504,0.0,0,43506
0.0,0.9615704417228699,0.0,0,43524
0.0,0.9388910531997681,0.0,0,43545
0.0,0.9472693204879761,0.0,0,43563
0.0,0.9497585296630859,0.0,0,43581
0.0,0.987896740436554,0.0,0,43599
0.0,1.0,6.618111610412598,0,43617
0.0,1.0,18.232894897460938,0,43638
0.0,0.9843689799308777,28.221912384033203,0,43656
0.0,0.9494360685348511,38.239288330078125,0,43674
0.0,0.9702869653701782,48.286128997802734,0,43692
0.0,0.9900590181350708,53.57013702392578,0,43713
0.0,0.9912371635437012,24.823230743408203,0,43731
0.0,0.9271360635757446,0.0,0,43749
0.0,0.9551613926887512,0.0,0,43767
0.0,0.9734296798706055,0.0,0,43785
0.0,1.0,0.0,0,43803
0.0,0.9365044832229614,0.0,0,43821
0.0,0.9457501173019409,0.0,0,43842
0.0,0.9273465275764465,0.0,0,43860
0.0,0.9405528903007507,0.0,0,43878
0.0,0.9394515752792358,0.0,0,43896
0.0,0.9714406728744507,0.0,0,43914
0.0,0.9498885273933411,0.0,0,43932
0.0,0.9578644037246704,0.0,0,43953
0.0,0.9443433880805969,0.0,0,43971
0.0,0.9485273361206055,0.0,0,43989
0.0,0.9427888989448547,10.534506797790527,0,44007
0.0,0.942383885383606,21.096981048583984,0,44025
0.0,0.9322196245193481,31.686166763305664,0,44043
0.0,0.9341079592704773,44.075191497802734,0,44064
0.0,0.9522278904914856,54.72435760498047,0,44082
0.0,0.9468040466308594,65.39996337890625,0,44100
0.0,0.9341073036193848,56.37458038330078,0,44118
0.0,0.9321552515029907,27.627670288085938,0,44136
0.0,0.959801197052002,0.0,0,44154
0.0,0.9448933601379395,0.0,0,44172
0.0,0.9456512331962585,0.0,0,44190
0.0,0.922901451587677,0.0,0,44211
0.0,0.9402261972427368,0.0,0,44229
0.0,0.9369854927062988,0.0,0,44247
0.0,0.9676992297172546,0.0,0,44265
0.0,0.9344825744628906,0.0,0,44283
0.0,0.9720648527145386,0.0,0,44301
0.0,0.9553907513618469,0.0,0,44319
0.0,0.9690178036689758,0.0,0,44337
0.0,0.9349255561828613,0.0,0,44358
0.0,0.9685596227645874,0.0,0,44376
0.14000000059604645,0.9061877131462097,0.0,0,44394
0.5600000023841858,0.9308469891548157,0.0,0,44412
0.699999988079071,0.9033300280570984,0.0,0,44430
0.699999988079071,0.9411088824272156,0.0,0,44448
0.699999988079071,0.9044203758239746,0.0,0,44466
0.699999988079071,0.9478837847709656,0.0,0,44487
0.699999988079071,0.8963025808334351,0.0,0,44505
0.699999988079071,0.9416672587394714,0.0,0,44523
0.699999988079071,0.8884439468383789,0.0,0,44541
0.699999988079071,0.9323358535766602,0.0,0,44559
0.38499999046325684,0.8847996592521667,0.0,0,44577
0.0,0.9328615069389343,0.0,0,44595
0.0,0.8892124891281128,0.0,0,44613
0.0,0.9351111650466919,0.0,0,44631
0.0,0.8616989254951477,0.0,0,44652
0.0,0.8636215329170227,0.0,0,44670
0.0,0.7487155199050903,0.0,0,44688
0.0,0.7457712292671204,0.0,0,44706
0.0,0.7880179286003113,0.0,0,44724
0.0,0.8419574499130249,0.0,0,44742
0.0,0.8727977871894836,0.0,0,44760
0.0,0.8614870309829712,0.0,0,44778
0.0,0.813887894153595,0.0,0,44796
0.0,0.8021559715270996,0.0,0,44814
0.0,0.8446717262268066,0.0,0,44832
0.0,0.9029797315597534,0.0,0,44853
0.0,0.9211150407791138,0.0,0,44871
0.0,0.9088579416275024,0.0,0,44889
0.0,0.9006904363632202,0.0,0,44907
0.0,0.9122505187988281,0.0,0,44928
0.0,0.9319632649421692,0.0,0,44946
0.0,0.9364727735519409,0.0,0,44967
0.0,0.9325509071350098,0.0,0,44985
0.0,0.9380578994750977,0.0,0,45003
0.0,0.9437950253486633,0.0,0,45021
0.0,0.9426201581954956,0.0,0,45039
0.0,0.936876118183136,0.0,0,45057
0.0,0.9368597865104675,0.0,0,45075
0.0,0.9408194422721863,0.0,0,45096
0.0,0.9397176504135132,0.0,0,45114
0.0,0.9325553178787231,0.0,0,45132
0.0,0.9196341633796692,0.0,0,45150
0.0,0.9135082960128784,0.0,0,45168
0.0,0.9193134307861328,0.0,0,45189
0.0,0.9322391748428345,0.0,0,45207
0.0,0.9382528066635132,0.0,0,45225
0.0,0.94305020570755,0.0,0,45246
0.0,0.9477719068527222,0.0,0,45264
0.0,0.954107940196991,0.0,0,45282
0.0,0.0,0.0,0,45303
0.0,0.0,0.0,0,45321
0.0,0.0,0.0,0,45342
0.0,0.0,0.0,0,45360
0.0,0.0,0.0,0,45381
0.0,0.0,0.0,0,45399
0.0,0.0,0.0,0,45417
0.0,0.0,0.0,0,45438
0.0,0.0,0.0,0,45459
0.0,0.0,0.0,0,45477
0.0,0.0,0.0,0,45498
0.0,0.0,0.0,0,45516
0.0,0.0,0.0,0,45537
0.0,0.0,0.0,0,45558
0.0,0.0,0.0,0,45576
0.0,0.0,0.0,0,45597
0.0,0.0,0.0,0,45618
0.0,0.0,0.0,0,45639
0.0,0.0,0.0,0,45660
0.0,0.0,0.0,0,45678
0.0,0.0,0.0,0,45702
0.0,0.0,0.0,0,45723
0.0,0.0,0.0,0,45744
0.0,0.0,0.0,0,45765
0.0,0.0,0.0,0,45783
0.0,0.0,0.0,0,45804
0.0,0.0,0.0,0,45825
0.0,0.0,0.0,0,45843
0.0,0.0,0.0,0,45864
0.0,0.0,0.0,0,45885
0.0,0.0,0.0,0,45906
0.0,0.0,0.0,0,45927
0.0,0.0,0.0,0,45945
0.0,0.0,0.0,0,45966
0.0,0.0,0.0,0,45987
0.0,0.0,0.0,0,46008
0.0,0.0,0.0,0,46029
0.0,0.0,0.0,0,46047
0.0,0.0,0.0,0,46068
0.0,0.0,0.0,0,46089
0.0,0.0,0.0,0,46107
0.0,0.0,0.0,0,46128
0.0,0.0,0.0,0,46149
0.0,0.0,0.0,0,46170
0.0,0.0,0.0,0,46188
0.0,0.0,0.0,0,46209
0.0,0.0,0.0,0,46227
0.0,0.0,0.0,0,46245
0.0,0.0,0.0,0,46266
0.0,0.0,0.0,0,46284
0.0,0.0,0.0,0,46305
0.0,0.0,0.0,0,46323
0.0,0.0,0.0,0,46341
0.0,0.0,0.0,0,46362
0.0,0.0,0.0,0,46380
0.0,0.0,0.0,0,46398
0.0,0.0,0.0,0,46416
0.0,0.0,0.0,0,46437
0.0,0.0,0.0,0,46455
0.0,0.0,0.0,0,46473
0.0,0.0,0.0,0,46494
0.0,0.0,0.0,0,46512
0.0,0.0,0.0,0,46530
0.0,0.0,0.0,0,46551
0.0,0.0,0.0,0,46569
0.0,0.0,0.0,0,46587
0.0,0.0,0.0,0,46608
0.0,0.0,0.0,0,46626
0.0,0.0,0.0,0,46644
0.0,0.0,0.0,0,46662
0.0,0.0,0.0,0,46680
0.0,0.0,0.0,0,46701
0.0,0.0,0.0,0,46719
0.0,0.0,0.0,0,46737
0.0,0.0,0.0,0,46758
0.0,0.0,0.0,0,46776
0.0,0.0,0.0,0,46794
0.0,0.0,0.0,0,46812
0.0,0.0,0.0,0,46830
0.0,0.0,0.0,0,46848
0.0,0.0,0.0,0,46866
0.0,0.0,0.0,0,46884
0.0,0.0,0.0,0,46902
0.0,0.0,0.0,0,46920
0.0,0.0,0.0,0,46938
0.0,0.0,0.0,0,46959
0.0,0.0,0.0,0,46977
